THE LEARNED CASE (demo item 1.5): REGISTRATION

written            2026-10-01T14:42:08-04:00
before             any training data was generated
repository at      2fdbfbabd3822eaf921796738676bfb6a3839764 (the commit adding this file follows it)
gate module        atlas/workbench/learned_gate.py  sha256 e7d37dd549c7a320284d841843a612180e16d528eafe1bdda0133fd6c22abbc2
registered as      2026-10-01, before any training data was generated (the commit adding this file precedes the first sample)

case               farm-12, held out; horizons 12, 40 macro-steps; 4 threads
expert             learned_net.WindowUNet width 12 depth 3 (step 0: out/learned-case/step0-20261001-143036.json)

THE GATE
  G1  speed           t_Ep / t_L >= 1.5 and t_F / t_L >= 3: mean macro-step times over the 40-step evaluation, arms taking turns, measured on AC power (a run on battery does not count for G1)
  G2  accuracy        e_L <= 1.1 max(e_F, e_Ep), in farm power and in rms velocity, at 12 and at 40 macro-steps: four comparisons, all must hold
  G3  conservation    L's divergence after the global projection, times dx / U, <= 1e-9 at every macro-step (the workbench's mass measure)
  G4  stability       |E_L(n) - E_Ep(n)| <= 0.1 E_Ep(n) at every macro-step n = 1..40
  G5  the competitor  at 12 and at 40 macro-steps, Cc's error against T exceeds L's in at least one of the two measures; otherwise a classical solver on a grid twice as coarse does the job
  G6  held out        farm-12's layout is in no training or validation trajectory (held_out_ok); the inflow is the family's fixed (U, 0) in every trajectory, and is not held out

the measures and the arms are defined in the module's docstring; the judgement
is learned_gate.judge(), evaluated once on the held-out case with the weights
chosen on the validation layouts alone.

THE SPLIT  (sha256 fff30eb7cbad4ae881edf481af429431987553235dea33307707926740d7f4f8)
  random layouts: 8 to 16 rotors, x in (2.0, 18.0) D, y in (1.5, 13.0) D, spacing >= 2.5 D, induction in [0.20, 0.3333]; refused if more than 3 of the held-out rotors have a rotor within 0.5 D
held-out  farm-12  (3.75,1.75,0.3333)  (7.25,1.75,0.3333)  (14.25,1.75,0.3333)  (17.75,1.75,0.3333)  (7.25,5.25,0.3333)  (17.75,5.25,0.3333)  (3.75,8.75,0.3333)  (7.25,8.75,0.3333)  (14.25,8.75,0.3333)  (17.75,8.75,0.3333)  (7.25,12.25,0.3333)  (17.75,12.25,0.3333)
train      1000  9 rotors  (11.6615,6.9158,0.2419)  (5.2520,7.5807,0.2560)  (5.0566,4.7378,0.3077)  (14.0589,7.8442,0.2013)  (15.8196,10.7618,0.2605)  (9.1559,1.7014,0.2745)  (7.1364,12.3393,0.2004)  (13.2427,3.0692,0.2397)  (4.3759,2.1822,0.2072)
train      1001  16 rotors  (2.2512,3.6584,0.2966)  (15.7262,2.3763,0.2254)  (5.2174,8.7462,0.2681)  (4.8839,3.0172,0.2169)  (17.7459,10.2993,0.2509)  (5.3773,5.6456,0.2884)  (3.7364,11.7263,0.2350)  (8.0806,5.2840,0.2888)  (17.6446,5.9799,0.2438)  (13.4891,3.8508,0.2862)  (14.8525,6.0262,0.2632)  (14.5722,9.4550,0.2735)  (8.4701,8.6783,0.3288)  (8.4215,12.7176,0.3038)  (10.5747,5.6385,0.2667)  (10.9581,12.5792,0.2563)
train      1002  13 rotors  (7.7150,10.0975,0.2568)  (8.2319,5.3770,0.3017)  (10.8783,3.6530,0.2709)  (3.9144,11.1640,0.2871)  (17.8360,4.7554,0.2828)  (2.5131,1.5325,0.2235)  (15.0738,3.1573,0.3281)  (4.4704,4.4009,0.2496)  (13.9592,6.2457,0.2512)  (17.3975,12.7880,0.2282)  (13.0346,12.6984,0.2085)  (15.4442,9.3751,0.2724)  (7.2560,2.0352,0.3137)
train      1003  10 rotors  (6.1073,7.1888,0.2341)  (12.5727,10.1493,0.2294)  (13.5696,5.4150,0.2880)  (11.5606,12.6616,0.3285)  (4.2512,9.6328,0.2061)  (3.7500,12.6563,0.3312)  (13.3819,2.4774,0.2041)  (10.3011,5.8082,0.3296)  (17.6930,6.7011,0.2466)  (17.1818,12.2621,0.2539)
train      1004  14 rotors  (4.0824,3.0925,0.2637)  (8.0905,8.6377,0.2503)  (15.3935,2.9432,0.2742)  (10.9676,4.6539,0.2716)  (15.1998,8.8801,0.2458)  (17.4445,10.4651,0.2010)  (14.1094,12.9628,0.2954)  (8.6022,1.8725,0.2717)  (3.5551,7.5846,0.3246)  (11.1789,9.4119,0.3257)  (14.2249,6.0732,0.3138)  (17.5623,5.6858,0.2357)  (2.1060,4.8501,0.2284)  (12.5688,2.5368,0.2272)
train      1005  11 rotors  (16.8890,4.8038,0.2427)  (12.2169,11.1001,0.3114)  (9.9489,9.7435,0.2509)  (7.4401,12.3628,0.2383)  (4.7294,9.1796,0.2274)  (9.9390,6.6412,0.2261)  (17.2612,10.0582,0.2891)  (15.3104,7.4025,0.2582)  (2.3579,11.3529,0.2161)  (14.6766,2.1367,0.2631)  (3.7060,5.9679,0.2098)
train      1006  12 rotors  (11.6137,4.9251,0.2719)  (5.8012,10.6974,0.2531)  (7.3607,6.1664,0.2376)  (9.8231,11.4235,0.2424)  (14.3498,2.4547,0.2521)  (2.3194,6.0868,0.3053)  (16.1969,7.8356,0.2903)  (17.5368,3.1113,0.2847)  (14.6449,11.5135,0.2385)  (9.9398,7.2557,0.2684)  (6.1280,2.4729,0.2309)  (2.3489,10.2765,0.3203)
train      1007  8 rotors  (15.0557,8.8937,0.2552)  (5.1455,8.2714,0.3000)  (16.3254,6.6886,0.3150)  (5.1619,5.6169,0.2988)  (2.6873,10.8891,0.2179)  (9.7580,10.8032,0.2172)  (5.6559,11.1074,0.2594)  (12.1026,9.8076,0.2249)
train      1008  11 rotors  (15.0088,4.0005,0.3062)  (17.7403,12.8067,0.2029)  (2.3638,4.5982,0.3089)  (7.9627,3.6732,0.3144)  (5.1950,6.3244,0.2600)  (15.5312,6.6936,0.2626)  (14.8828,9.8203,0.2457)  (5.6649,2.0352,0.3099)  (7.1955,12.1224,0.2910)  (2.7215,11.7384,0.2939)  (11.5523,3.6445,0.2465)
train      1009  14 rotors  (7.2306,2.0733,0.2127)  (6.5012,10.9972,0.2937)  (11.7436,7.9667,0.2061)  (9.9675,1.8238,0.3315)  (2.9134,10.1938,0.2297)  (6.3496,4.7003,0.2737)  (9.8149,4.5163,0.2798)  (17.7948,6.4488,0.2326)  (12.1290,11.3495,0.2293)  (17.5214,9.8764,0.3329)  (9.3776,12.2040,0.3316)  (7.0301,7.5335,0.3256)  (14.6178,2.8794,0.3015)  (2.1102,5.5714,0.3186)
train      1010  14 rotors  (10.5729,12.0533,0.3190)  (17.7035,11.2614,0.2010)  (13.9383,6.2083,0.3199)  (11.0386,2.4649,0.3098)  (15.9765,1.9617,0.3171)  (15.5655,9.6625,0.3092)  (3.1161,2.8181,0.2278)  (4.7105,12.6819,0.2038)  (2.4024,5.2244,0.2887)  (8.5289,4.5240,0.2330)  (8.9732,9.7127,0.2546)  (2.7527,10.3332,0.2267)  (4.5503,8.1745,0.3322)  (17.0488,6.0355,0.2553)
train      1011  10 rotors  (11.0132,3.9449,0.2589)  (3.3126,2.6823,0.2528)  (8.3626,6.3195,0.3012)  (17.7186,12.8480,0.3139)  (12.7393,1.5256,0.2243)  (15.5455,4.3590,0.2116)  (4.4539,7.3380,0.2546)  (9.6310,9.1718,0.2827)  (15.0948,12.9065,0.2562)  (15.6811,1.8138,0.3239)
train      1012  14 rotors  (14.4903,4.2420,0.2071)  (15.7664,7.1779,0.3083)  (12.6430,8.1434,0.2802)  (4.1120,12.8929,0.2349)  (5.3073,5.2809,0.2384)  (12.2625,11.7717,0.2231)  (9.7974,5.0506,0.3284)  (7.3878,3.1019,0.2869)  (5.9261,10.7415,0.3009)  (17.0064,3.4590,0.2131)  (10.0270,9.6961,0.2991)  (3.2044,8.7282,0.2379)  (2.5655,3.3100,0.2528)  (11.4323,2.6720,0.2053)
train      1013  9 rotors  (3.2637,9.2356,0.3037)  (9.1611,9.6893,0.2668)  (5.8323,7.5252,0.2734)  (10.7934,7.2036,0.2185)  (3.3279,12.8982,0.2052)  (13.9349,10.7742,0.2285)  (11.5317,4.0531,0.2929)  (5.1830,11.0233,0.2370)  (17.7879,10.1362,0.2214)
train      1014  13 rotors  (11.3712,11.8266,0.2411)  (17.8813,7.3810,0.2078)  (5.7274,11.1983,0.2423)  (12.3597,8.2206,0.2860)  (9.4409,5.3935,0.2815)  (4.9417,7.6299,0.2627)  (8.9966,12.9674,0.2940)  (11.9346,1.5746,0.2986)  (5.2655,3.8006,0.3259)  (15.8486,9.3491,0.2194)  (16.1300,3.1310,0.3030)  (13.9264,5.0306,0.2607)  (2.2225,2.6088,0.3040)
train      1015  13 rotors  (11.7131,8.8750,0.2514)  (3.4870,1.8506,0.2800)  (4.3457,5.5414,0.2041)  (13.1019,5.0939,0.2553)  (7.1917,4.4516,0.2976)  (4.0502,12.3389,0.2866)  (15.4942,8.6718,0.3325)  (5.3401,9.0118,0.2307)  (16.3057,12.6461,0.3032)  (12.0873,11.6825,0.2474)  (2.6141,9.0648,0.2702)  (8.3154,11.8404,0.2698)  (13.0067,2.2193,0.2581)
train      1016  13 rotors  (9.0831,5.5667,0.2247)  (9.7448,12.2796,0.3100)  (11.2456,9.5438,0.2394)  (13.6273,5.5781,0.3023)  (2.1885,9.9773,0.2603)  (16.2435,7.6504,0.2723)  (17.2250,10.4122,0.2805)  (2.9167,4.2523,0.2553)  (15.2149,12.8532,0.2500)  (5.3426,2.5164,0.2079)  (7.4618,9.1509,0.2948)  (16.6176,4.2933,0.2662)  (10.6170,2.9214,0.2213)
train      1017  16 rotors  (15.1413,12.6847,0.2052)  (11.5939,2.2891,0.3022)  (8.6676,8.5419,0.2948)  (9.5278,5.1231,0.2078)  (4.4188,4.9763,0.2347)  (7.2239,10.7561,0.3148)  (3.1237,2.2209,0.2036)  (6.4306,1.9372,0.3265)  (3.3154,12.5938,0.3010)  (14.4049,3.9985,0.2955)  (12.9611,9.9070,0.2688)  (16.3042,9.6922,0.2859)  (3.1592,9.7372,0.2312)  (17.7648,12.5071,0.3270)  (17.1939,2.1564,0.3265)  (2.2000,6.2416,0.3250)
train      1018  16 rotors  (9.2793,11.5224,0.2841)  (15.0302,7.5748,0.3232)  (12.8238,4.8249,0.3214)  (11.5879,7.0743,0.2320)  (12.4185,10.7472,0.2114)  (7.8083,1.6840,0.2079)  (3.5462,11.7650,0.2907)  (8.4716,5.2756,0.2633)  (3.6787,4.2169,0.2491)  (9.3727,8.5012,0.2180)  (3.0921,7.0184,0.2772)  (17.5260,6.3877,0.3084)  (6.0280,9.0014,0.2050)  (14.0209,1.5117,0.2311)  (15.7659,11.7170,0.2827)  (17.9436,9.0212,0.3325)
train      1019  11 rotors  (8.3359,6.8692,0.3057)  (15.2600,3.9410,0.2833)  (3.6083,7.3215,0.2670)  (10.1578,9.2552,0.2081)  (3.7919,12.1603,0.2044)  (16.1980,12.7485,0.2058)  (13.6865,12.6025,0.3043)  (13.3127,9.5674,0.2541)  (11.0879,2.2591,0.2479)  (13.2951,7.0036,0.2698)  (7.2464,10.1895,0.2023)
train      1020  15 rotors  (6.5388,2.3705,0.2002)  (13.3115,2.5209,0.2083)  (8.9459,7.1289,0.2698)  (10.6930,9.5819,0.2215)  (8.4016,11.5557,0.2645)  (16.1832,8.5840,0.2675)  (13.7158,9.9030,0.3291)  (15.9172,4.2548,0.2515)  (6.9291,5.5561,0.2235)  (17.1689,12.1147,0.2842)  (6.4784,8.2968,0.2506)  (14.4291,12.5016,0.3042)  (11.1937,5.6140,0.2139)  (2.6854,8.8550,0.2634)  (3.9068,12.7458,0.2322)
train      1021  9 rotors  (3.2936,12.9018,0.2591)  (3.8064,3.5085,0.2512)  (17.2447,9.5904,0.2349)  (11.2118,6.4952,0.2222)  (13.8036,10.5094,0.2178)  (2.9443,6.5039,0.3301)  (6.5118,9.3420,0.2667)  (3.7934,9.9653,0.2497)  (8.4693,5.7524,0.2071)
train      1022  15 rotors  (16.6947,8.2829,0.2018)  (12.3371,7.4122,0.2960)  (13.8815,10.5667,0.2165)  (8.0788,3.0913,0.3252)  (13.2062,3.3654,0.2833)  (4.3383,12.4950,0.2216)  (16.5976,2.9604,0.2822)  (7.2537,7.8457,0.2686)  (8.0106,11.4658,0.3155)  (10.6638,2.2622,0.3033)  (3.1451,6.2630,0.2091)  (2.0918,9.6841,0.3193)  (17.4676,12.4682,0.2596)  (17.8270,5.3715,0.3108)  (5.6437,3.8355,0.2808)
train      1023  10 rotors  (16.4944,11.9604,0.3094)  (13.9556,10.9657,0.2835)  (6.2822,2.5086,0.2949)  (6.2771,9.5690,0.2559)  (14.4265,5.7969,0.2958)  (4.5864,5.0269,0.2291)  (15.2365,2.0480,0.2103)  (10.6368,7.7882,0.2918)  (8.6143,5.2773,0.2156)  (5.2996,12.1004,0.2202)
train      1024  13 rotors  (6.1336,5.7586,0.2675)  (16.1608,8.6729,0.2756)  (2.6723,11.6936,0.2527)  (5.7003,11.1851,0.2799)  (8.7360,12.8378,0.3123)  (9.2443,7.5212,0.3286)  (13.6226,10.6549,0.2008)  (13.2641,3.9559,0.2553)  (9.6341,1.9880,0.2629)  (16.6475,3.0226,0.3002)  (4.8815,8.6379,0.3043)  (5.0671,2.8498,0.2523)  (16.1138,12.3021,0.3222)
train      1025  14 rotors  (12.0641,3.3647,0.2248)  (6.1237,4.5893,0.3027)  (12.2958,8.9910,0.3321)  (2.0930,8.4593,0.3250)  (16.0090,4.1172,0.2190)  (15.4797,7.1814,0.2576)  (17.9029,9.8050,0.3260)  (14.6754,11.4375,0.2121)  (8.2324,2.9122,0.2985)  (8.0513,12.7485,0.2804)  (5.9658,8.7378,0.2339)  (2.6262,5.0715,0.2505)  (3.7152,1.5917,0.3250)  (12.0695,12.2629,0.2746)
train      1026  13 rotors  (11.5219,3.7376,0.2126)  (2.5689,8.0561,0.3285)  (9.8603,6.4870,0.2246)  (4.7631,9.4806,0.2092)  (8.6207,10.2907,0.2538)  (6.2019,6.0713,0.3063)  (14.6558,7.8544,0.2990)  (4.7645,2.0349,0.3148)  (13.7730,10.5973,0.2295)  (2.2889,3.3964,0.2732)  (16.7293,6.1913,0.2661)  (4.4530,12.0605,0.2130)  (17.2665,3.2184,0.2637)
train      1027  13 rotors  (10.9943,7.9994,0.3057)  (2.1843,11.9169,0.2982)  (17.8702,5.6319,0.2212)  (3.7711,1.9784,0.2207)  (15.5433,7.3531,0.3112)  (10.7107,10.7671,0.3247)  (13.7166,12.3101,0.3190)  (16.4026,3.4593,0.3121)  (7.9421,2.0739,0.3102)  (2.1010,7.1284,0.2845)  (14.5516,1.5852,0.2698)  (6.4606,11.4482,0.2086)  (5.6000,7.5473,0.2801)
train      1028  13 rotors  (8.1763,9.2661,0.2881)  (4.9021,11.1373,0.2281)  (9.5921,12.8349,0.3265)  (5.9138,7.1217,0.2166)  (6.2488,3.1893,0.2372)  (9.7803,6.1109,0.2960)  (14.7413,8.4996,0.2812)  (14.1614,5.8119,0.2670)  (14.1219,11.5174,0.2628)  (3.9633,2.1376,0.2987)  (10.8421,3.1484,0.2771)  (2.2634,7.9050,0.2371)  (7.0173,12.9714,0.2621)
train      1029  13 rotors  (15.1670,2.0658,0.2369)  (4.9443,5.7382,0.2329)  (9.8459,7.6775,0.2209)  (5.7966,10.9675,0.2084)  (11.8480,1.6061,0.2664)  (15.4874,5.8662,0.2758)  (17.3641,8.0029,0.2787)  (17.8068,4.0201,0.2815)  (9.2937,4.9556,0.3147)  (15.7955,12.6570,0.2654)  (8.2028,12.5757,0.2137)  (2.2253,1.6434,0.3278)  (8.2300,2.3169,0.2554)
train      1030  11 rotors  (2.4030,10.8474,0.3222)  (11.2004,12.8944,0.2537)  (13.1141,4.8993,0.2063)  (2.6628,1.6344,0.2010)  (4.2925,7.6516,0.2384)  (4.9463,10.3552,0.2905)  (8.9600,5.6671,0.2267)  (14.6698,8.5661,0.3108)  (8.5464,11.0832,0.2597)  (17.2486,10.5053,0.3118)  (8.0409,3.1783,0.2943)
train      1031  16 rotors  (17.2078,9.1148,0.2972)  (12.8509,3.7823,0.2360)  (6.6978,11.3107,0.2244)  (2.1415,4.0542,0.2988)  (16.9201,2.5046,0.3058)  (5.1760,1.5621,0.2677)  (9.2621,9.8506,0.2848)  (7.8643,6.5038,0.3286)  (15.0468,5.0177,0.2008)  (3.9376,8.5774,0.2261)  (11.5305,6.2290,0.2991)  (17.6724,5.8946,0.3181)  (3.6848,6.0778,0.2460)  (8.5942,3.0076,0.2574)  (16.6176,12.9671,0.2068)  (13.0920,10.0167,0.2233)
train      1032  11 rotors  (5.7550,12.9597,0.2242)  (13.4145,8.4167,0.3267)  (7.7560,1.8929,0.3180)  (5.9726,10.0524,0.2967)  (9.6703,12.3958,0.3068)  (10.2908,6.3387,0.2363)  (13.7114,2.5254,0.2169)  (16.2271,2.4642,0.3245)  (10.8766,8.8906,0.2441)  (5.4571,2.9016,0.3128)  (13.3758,11.8171,0.2641)
train      1033  13 rotors  (15.9680,12.0876,0.2035)  (12.0108,7.8861,0.2880)  (16.1734,8.4579,0.2328)  (6.6092,6.0642,0.2749)  (11.1946,3.5846,0.2809)  (8.0022,1.9758,0.2452)  (16.4696,2.6888,0.2612)  (6.4693,8.9984,0.3100)  (10.3117,11.0332,0.2489)  (14.0143,4.8142,0.2865)  (3.0080,5.4253,0.2281)  (3.8810,10.7835,0.2468)  (3.1734,8.0451,0.2754)
train      1034  13 rotors  (4.5777,2.3921,0.2399)  (16.7316,11.2020,0.2466)  (4.5051,7.3928,0.2504)  (12.8591,11.9409,0.2019)  (17.2660,4.8498,0.2893)  (15.8716,2.6607,0.3029)  (5.7551,11.6741,0.3233)  (11.0679,9.6310,0.3085)  (8.2200,6.8964,0.2417)  (12.4866,7.5058,0.3256)  (3.0921,11.5755,0.2145)  (12.6526,4.0680,0.2574)  (9.1719,2.0505,0.2418)
train      1035  9 rotors  (8.0821,10.5781,0.2172)  (17.0952,7.4854,0.3156)  (2.0818,11.5393,0.3114)  (7.0487,4.4740,0.2138)  (10.5412,1.9760,0.3287)  (12.7235,9.5359,0.3248)  (16.2775,3.0963,0.2376)  (14.9142,12.2546,0.2740)  (10.9875,12.1643,0.2594)
train      1036  11 rotors  (14.8148,7.2119,0.3203)  (2.6597,4.6028,0.2426)  (7.9428,2.7833,0.2684)  (17.8471,7.7292,0.2948)  (10.4077,9.3125,0.2959)  (15.5499,2.0124,0.2730)  (7.1651,7.3309,0.2258)  (5.8623,4.2399,0.2953)  (8.2077,12.8617,0.2618)  (3.4818,10.3707,0.3122)  (5.2371,12.4794,0.2375)
train      1037  11 rotors  (6.9449,8.5039,0.2134)  (14.0930,11.8422,0.3041)  (15.5692,5.2005,0.3076)  (17.9881,7.6834,0.2593)  (2.7015,9.7918,0.3029)  (15.2382,2.3973,0.2183)  (17.7827,2.5845,0.2461)  (16.9976,11.6033,0.2012)  (9.1088,10.5873,0.2687)  (7.2403,4.8381,0.2786)  (10.2374,2.9466,0.3009)
train      1038  12 rotors  (3.5763,6.0279,0.2777)  (8.1156,7.9083,0.2907)  (11.9668,10.1241,0.3007)  (17.0437,11.5454,0.2600)  (4.9885,8.2853,0.2708)  (8.4975,3.1895,0.2291)  (12.4045,4.0456,0.2244)  (15.0580,5.4120,0.2188)  (15.8416,2.3288,0.3255)  (2.4245,10.4922,0.2522)  (4.0237,1.6647,0.3332)  (11.2546,1.5947,0.3211)
train      1039  12 rotors  (9.6899,7.8698,0.2383)  (14.1895,9.5351,0.2249)  (9.8963,5.3190,0.3200)  (11.9286,3.0594,0.2651)  (6.4965,6.5615,0.2986)  (5.7923,10.6970,0.2253)  (15.6023,12.0909,0.3252)  (3.0472,3.3566,0.2028)  (9.7302,11.4287,0.2268)  (14.8158,4.5890,0.2403)  (12.6977,6.0972,0.2339)  (17.4855,4.3257,0.3278)
train      1040  10 rotors  (14.5084,9.6841,0.2188)  (12.9176,3.8842,0.2399)  (8.3988,7.3097,0.2275)  (8.3535,11.7436,0.2915)  (10.1312,2.2310,0.2894)  (2.6215,7.6439,0.2451)  (10.2073,4.7515,0.2446)  (17.3269,10.0359,0.2159)  (12.2393,11.6357,0.2059)  (15.9578,5.4615,0.2931)
train      1041  15 rotors  (8.4260,11.6643,0.2298)  (9.0927,9.1308,0.2352)  (13.2656,11.8906,0.2153)  (6.3502,9.8612,0.2029)  (14.2609,4.0688,0.3223)  (16.2157,9.3478,0.2017)  (3.6460,2.2830,0.3191)  (11.6244,8.4181,0.2777)  (17.8024,2.7233,0.2958)  (4.0772,11.6092,0.3038)  (9.5178,3.5548,0.3075)  (9.4952,6.3790,0.2053)  (2.9859,6.7195,0.2772)  (6.9007,4.6013,0.2094)  (11.6338,1.6931,0.3222)
train      1042  14 rotors  (7.9553,8.1240,0.3274)  (13.9535,3.6230,0.3239)  (11.3537,7.6499,0.2262)  (2.2346,4.1641,0.2100)  (16.2300,11.7999,0.2277)  (10.9156,5.1469,0.2015)  (11.6000,11.4299,0.2506)  (10.2295,2.6574,0.2999)  (14.5486,6.6067,0.2875)  (13.9611,10.0154,0.2049)  (7.5927,12.4333,0.3270)  (6.8441,4.6723,0.2106)  (4.0915,9.1943,0.2986)  (2.6802,12.4514,0.2467)
train      1043  14 rotors  (3.6330,6.0795,0.2781)  (15.8541,3.1362,0.2193)  (11.4431,4.9881,0.3308)  (15.3530,5.8134,0.2267)  (6.1064,4.0534,0.2191)  (6.0089,8.1031,0.2948)  (17.5210,12.6647,0.2397)  (2.5989,10.5425,0.2456)  (13.9838,12.6097,0.2253)  (13.8291,9.0819,0.2501)  (10.5046,11.4427,0.3253)  (11.1385,7.6990,0.2493)  (2.4140,1.7389,0.2772)  (12.8064,2.3386,0.2906)
train      1044  10 rotors  (15.7355,1.8687,0.2445)  (16.7916,10.4629,0.2702)  (14.6994,9.0459,0.2204)  (7.3724,6.6154,0.2220)  (9.6147,8.0738,0.2279)  (12.1656,8.7364,0.2521)  (5.9964,9.3607,0.2374)  (6.6074,2.6880,0.3012)  (13.1330,1.6783,0.2773)  (2.7950,10.1793,0.2452)
train      1045  14 rotors  (6.8381,9.7734,0.3040)  (10.9472,10.1773,0.2772)  (10.7699,5.5231,0.2411)  (3.7351,2.5392,0.2024)  (13.7170,1.7090,0.2806)  (17.7078,9.8782,0.2148)  (9.3885,1.8835,0.2302)  (7.5045,4.1525,0.2188)  (3.9657,9.1763,0.2445)  (15.2676,11.4203,0.2467)  (12.7804,11.8986,0.2404)  (7.2225,12.2500,0.3056)  (17.8640,2.5779,0.3245)  (6.1247,6.5679,0.2724)
train      1046  8 rotors  (15.0127,9.0322,0.3109)  (9.4958,5.0915,0.3235)  (15.7713,4.5164,0.2990)  (4.5911,11.3059,0.2337)  (7.0592,7.9324,0.2338)  (6.6086,2.2438,0.2030)  (6.0243,4.8118,0.3106)  (13.7928,6.8063,0.2761)
train      1047  9 rotors  (8.8006,5.2860,0.2371)  (11.1411,10.5116,0.2594)  (6.3254,2.0455,0.2874)  (8.1395,10.3208,0.2933)  (15.3903,11.7341,0.2584)  (3.3514,5.9234,0.2768)  (17.8942,7.3092,0.2634)  (3.5325,11.6115,0.2755)  (12.2218,5.2472,0.2097)
train      1048  14 rotors  (3.8954,12.3274,0.2834)  (5.4919,9.7471,0.2809)  (3.6019,1.7921,0.2254)  (2.3633,5.9364,0.2289)  (7.3424,2.6146,0.2553)  (15.8267,11.7319,0.2724)  (13.3973,6.6498,0.2412)  (7.6390,6.4689,0.2918)  (13.6011,3.2968,0.2162)  (12.6612,10.9412,0.3307)  (9.8476,8.8602,0.2968)  (2.6999,9.0077,0.2172)  (17.7181,1.8813,0.2175)  (9.3756,11.7809,0.2730)
train      1049  16 rotors  (10.7522,10.4436,0.3307)  (13.6740,6.3848,0.2112)  (10.4152,6.7668,0.3098)  (16.7280,10.1570,0.2996)  (7.2701,8.8085,0.2655)  (6.7200,6.3259,0.2616)  (11.6257,2.3375,0.2100)  (13.9307,11.2591,0.2036)  (9.0640,3.0337,0.2056)  (6.0935,12.3269,0.2445)  (3.6983,3.8730,0.3065)  (4.0392,7.2425,0.2404)  (15.8969,4.8443,0.3168)  (11.6624,12.8952,0.2130)  (17.9129,7.2210,0.2556)  (16.1936,1.9840,0.2746)
train      1050  11 rotors  (6.7665,12.9544,0.2352)  (3.3640,4.8747,0.2524)  (14.4566,11.9142,0.2679)  (7.5223,4.5044,0.2286)  (15.3818,5.3007,0.3040)  (16.9336,9.1080,0.2008)  (9.9695,6.4486,0.2878)  (17.0136,2.9246,0.2523)  (4.2669,11.8354,0.2813)  (7.6967,9.7817,0.2918)  (11.4791,12.6351,0.2547)
train      1051  8 rotors  (5.1806,3.7408,0.2530)  (5.0204,9.7355,0.2158)  (10.1325,8.3183,0.3209)  (16.0217,11.4795,0.2042)  (6.8558,1.8356,0.2343)  (14.5581,2.0305,0.3216)  (16.3818,4.2572,0.2830)  (2.1411,2.2727,0.2915)
train      1052  13 rotors  (9.7073,6.2882,0.3112)  (16.9335,11.7618,0.3096)  (4.4756,7.3700,0.2894)  (2.0205,3.5787,0.2798)  (16.2649,3.5820,0.2158)  (2.7112,12.6030,0.2401)  (11.8452,9.0185,0.2170)  (13.3146,5.5920,0.3005)  (17.9581,9.0042,0.2484)  (10.5446,12.3663,0.3195)  (13.9037,10.7213,0.2576)  (5.2041,2.8773,0.2222)  (7.2223,8.6286,0.2367)
train      1053  10 rotors  (6.8988,11.0265,0.2661)  (4.2148,10.7049,0.2639)  (13.2818,12.1520,0.2161)  (17.5709,8.6139,0.3107)  (10.9316,7.3797,0.2509)  (2.3831,8.0873,0.2552)  (15.1668,2.0733,0.3154)  (3.5773,2.9132,0.2415)  (3.8483,5.9191,0.3266)  (12.2375,2.8228,0.2713)
train      1054  10 rotors  (14.8871,7.0333,0.3082)  (4.5448,11.2280,0.2642)  (17.4089,5.2831,0.2593)  (6.8310,5.1771,0.3233)  (8.1665,12.9496,0.2381)  (10.5363,4.4583,0.2078)  (8.7500,7.5111,0.2694)  (3.3766,6.4012,0.3089)  (10.2520,10.1746,0.2216)  (5.0188,1.6271,0.2927)
train      1055  12 rotors  (3.4421,8.2086,0.3075)  (8.4145,1.5079,0.2490)  (7.8985,4.4630,0.2925)  (15.4231,7.4549,0.2930)  (2.5985,2.8764,0.3187)  (13.5591,12.8550,0.3121)  (7.6782,7.1388,0.2171)  (10.2587,10.8352,0.3034)  (16.1391,4.4339,0.3190)  (12.9344,5.4872,0.2789)  (16.4736,10.1162,0.3137)  (12.9982,9.1037,0.2592)
train      1056  14 rotors  (3.9619,6.7966,0.2229)  (11.3551,10.0763,0.2923)  (14.6258,4.7572,0.3194)  (7.1577,8.2366,0.2226)  (10.1159,6.7522,0.2726)  (10.4961,3.8820,0.2167)  (13.4810,12.1679,0.2502)  (8.4055,1.7794,0.2920)  (2.9764,2.9375,0.2453)  (5.1909,12.4247,0.2939)  (7.6180,4.4756,0.3260)  (13.4844,1.5223,0.2955)  (3.3121,10.4421,0.2650)  (17.2073,10.1372,0.2008)
train      1057  15 rotors  (9.8320,5.2591,0.2431)  (4.7726,5.8199,0.3120)  (13.6962,11.8856,0.2568)  (10.6621,1.6628,0.3030)  (4.6915,11.9550,0.2357)  (14.2025,4.4758,0.2657)  (16.1217,6.1007,0.2715)  (8.1672,3.0589,0.2763)  (14.1567,8.1983,0.2943)  (3.0023,2.1441,0.2943)  (8.9702,12.9955,0.3227)  (10.4279,9.0632,0.2957)  (16.8186,3.5782,0.2530)  (3.9015,8.7109,0.2770)  (7.2239,6.9575,0.2025)
train      1058  16 rotors  (4.5313,6.9611,0.3135)  (14.6388,7.0861,0.2819)  (8.2567,1.5316,0.2376)  (14.4646,12.0056,0.2348)  (5.4947,11.5523,0.2892)  (12.4613,9.2465,0.2726)  (7.8446,7.8290,0.2464)  (4.3413,2.4748,0.2071)  (9.5588,3.8146,0.2926)  (16.1819,2.3102,0.2565)  (16.1422,9.1662,0.2339)  (10.5451,6.8574,0.2563)  (2.4905,10.8103,0.3223)  (10.6950,12.4154,0.2256)  (13.6576,4.1630,0.2704)  (11.7446,1.5188,0.2039)
train      1059  13 rotors  (7.2163,6.4781,0.3276)  (17.1324,9.9940,0.3273)  (3.2635,7.0888,0.2204)  (10.2113,11.3652,0.2890)  (8.7731,4.2936,0.3138)  (5.7361,1.5822,0.3331)  (16.3278,4.8819,0.2085)  (12.0216,3.5222,0.2842)  (6.5324,12.2125,0.2669)  (13.1469,9.4722,0.3325)  (12.5195,6.1209,0.2256)  (2.8094,10.1258,0.2281)  (2.7882,1.7888,0.2201)
train      1060  8 rotors  (3.3892,12.1382,0.2539)  (9.1036,4.1824,0.3193)  (3.5356,5.1503,0.2481)  (17.8765,7.7152,0.2759)  (17.8546,11.5016,0.2348)  (6.4649,9.5346,0.2202)  (11.1041,11.1501,0.2770)  (7.7340,12.7342,0.3248)
train      1061  16 rotors  (10.7939,4.9220,0.2231)  (5.9864,3.6213,0.2458)  (2.9407,10.1062,0.2628)  (14.7843,7.1098,0.2145)  (16.0272,12.7211,0.2973)  (3.3665,2.0797,0.2184)  (17.9240,9.7748,0.2072)  (9.4915,11.2156,0.3250)  (4.9464,6.0225,0.2318)  (2.5910,5.1578,0.2685)  (3.0095,12.9367,0.2765)  (5.8428,11.8614,0.3149)  (16.1146,2.6652,0.3260)  (7.3644,8.4462,0.2635)  (14.1507,10.4958,0.2983)  (12.0728,12.0270,0.2522)
train      1062  15 rotors  (4.7891,10.2893,0.2920)  (7.6840,11.9183,0.2342)  (2.5446,12.9230,0.3142)  (7.1990,5.0289,0.3229)  (2.0629,4.1272,0.2778)  (8.2363,9.2090,0.2361)  (12.7508,2.1572,0.3247)  (14.7188,6.2071,0.2263)  (9.7251,1.8989,0.2622)  (13.5699,10.1103,0.2167)  (17.4628,7.0874,0.2303)  (16.5099,9.4038,0.2426)  (3.5996,1.8799,0.2184)  (17.2574,2.1491,0.2071)  (12.5935,12.8636,0.2965)
train      1063  11 rotors  (14.8537,4.9328,0.3033)  (17.2456,6.7262,0.2877)  (11.6693,11.4356,0.2372)  (3.2312,11.2619,0.2518)  (17.6820,3.8822,0.2684)  (13.5672,9.4997,0.2967)  (14.8410,12.5725,0.2358)  (9.7974,3.1868,0.3106)  (6.6261,12.3293,0.2713)  (3.6881,2.9735,0.3240)  (3.3601,7.0922,0.3133)
train      1064  15 rotors  (8.9027,3.1401,0.3113)  (2.9845,2.8521,0.2683)  (6.3064,4.6028,0.3303)  (4.2842,9.7208,0.2326)  (15.9979,9.7783,0.3328)  (11.8467,12.6895,0.2218)  (12.4465,7.7216,0.2607)  (17.3663,3.5997,0.2946)  (8.4498,8.6288,0.2675)  (5.2360,12.6610,0.2638)  (2.2493,5.7665,0.3237)  (8.8774,12.0357,0.2723)  (13.4461,4.1260,0.3235)  (17.9202,7.2196,0.2441)  (5.8703,7.3076,0.3299)
train      1065  16 rotors  (5.2544,11.2269,0.3314)  (13.2628,7.1176,0.3037)  (3.4857,6.5923,0.2685)  (14.8367,4.3642,0.3027)  (17.9395,4.2234,0.2440)  (10.6969,10.7183,0.3178)  (8.1495,2.0050,0.2860)  (16.0654,1.7828,0.3167)  (11.9096,1.6613,0.2099)  (10.2154,4.1221,0.3186)  (2.1254,12.6814,0.2370)  (16.1844,6.7618,0.2301)  (3.4511,2.2870,0.3137)  (6.5590,8.4364,0.3031)  (12.7931,12.1357,0.2780)  (15.1791,11.2555,0.3150)
train      1066  16 rotors  (12.6060,1.8088,0.2804)  (7.8128,10.6288,0.2984)  (13.4080,6.9589,0.3104)  (17.9604,6.8686,0.3032)  (15.7225,5.6459,0.2443)  (8.8062,8.2264,0.2174)  (12.5725,11.0089,0.3178)  (9.4409,3.2758,0.2267)  (5.4710,12.4836,0.2573)  (16.9752,2.3344,0.2608)  (10.6840,12.7063,0.2026)  (11.7403,5.0884,0.2571)  (2.5384,1.5132,0.3289)  (2.2686,7.2743,0.2357)  (17.5611,10.5907,0.2874)  (3.8091,4.1589,0.3179)
train      1067  8 rotors  (17.2442,1.5582,0.3204)  (11.1687,7.6199,0.2272)  (7.8636,9.2878,0.2426)  (12.3508,10.7846,0.2866)  (6.0277,11.1633,0.2675)  (5.1071,6.6856,0.2504)  (8.5620,3.2484,0.2545)  (17.9275,6.5841,0.3309)
train      1068  8 rotors  (14.2820,3.4351,0.2502)  (10.2461,4.3479,0.2143)  (4.3495,10.5563,0.3011)  (14.5451,12.2769,0.3189)  (15.0257,8.7112,0.3155)  (9.1161,10.3383,0.2685)  (17.9057,9.3210,0.2722)  (13.2101,6.8925,0.2276)
train      1069  12 rotors  (16.7569,3.3214,0.2305)  (5.9788,10.9987,0.2761)  (11.4103,10.2291,0.2014)  (2.0496,5.5141,0.2667)  (6.3297,5.6695,0.3033)  (13.4085,3.2695,0.2030)  (17.3138,12.2204,0.3232)  (13.8798,9.6074,0.2935)  (2.7075,10.0797,0.3322)  (10.4538,2.7648,0.2802)  (12.2190,6.8280,0.2963)  (9.2423,8.1062,0.3158)
train      1070  9 rotors  (17.6270,2.6198,0.3107)  (12.2106,9.4914,0.2101)  (9.1309,3.0246,0.3167)  (15.0364,12.1939,0.2127)  (13.6051,6.1626,0.3266)  (2.8917,3.6697,0.3070)  (2.5766,8.4378,0.2532)  (2.7124,11.6198,0.2527)  (17.6947,8.4000,0.2477)
train      1071  14 rotors  (15.9752,4.1735,0.3223)  (7.9282,11.0919,0.3192)  (9.3043,7.6999,0.2517)  (6.6270,8.3126,0.2266)  (11.7305,8.6863,0.2452)  (2.4568,11.5009,0.2244)  (11.2655,12.1180,0.2709)  (16.0185,7.7485,0.2273)  (6.8699,1.8363,0.2519)  (15.6873,12.8365,0.2485)  (12.5870,2.7273,0.2003)  (4.0613,6.4111,0.2741)  (4.9768,12.4639,0.2771)  (17.1983,10.4027,0.2725)
train      1072  15 rotors  (12.9402,11.7017,0.3277)  (8.9917,7.5864,0.2129)  (10.2037,3.7779,0.2947)  (10.1501,9.9112,0.2280)  (15.3767,5.8589,0.2189)  (2.2926,11.5191,0.2105)  (17.7427,8.6659,0.2850)  (5.1082,12.8675,0.2458)  (17.4403,12.4755,0.2330)  (6.2831,10.6128,0.2954)  (6.9884,3.0565,0.3049)  (3.5245,3.5327,0.2894)  (13.4614,8.2459,0.2898)  (16.7052,1.9386,0.2479)  (3.6016,9.2270,0.2468)
train      1073  11 rotors  (16.8102,8.4005,0.3013)  (11.4336,6.4423,0.2596)  (9.4709,10.0014,0.2309)  (6.7740,5.3818,0.2450)  (3.2795,5.5907,0.2109)  (11.4757,2.5374,0.2040)  (5.1868,2.4519,0.2638)  (5.6405,11.7678,0.2723)  (15.9594,12.9847,0.2407)  (4.5706,8.8489,0.2502)  (13.9292,7.0418,0.2913)
train      1074  12 rotors  (7.6928,12.8575,0.2034)  (15.3592,7.3749,0.2365)  (7.8006,4.8312,0.2995)  (6.0561,7.9098,0.2527)  (12.1816,5.4843,0.3216)  (10.2133,7.8770,0.2596)  (5.1030,11.6565,0.3025)  (7.6380,10.1071,0.2181)  (16.9917,11.9184,0.2326)  (7.8885,1.8157,0.2321)  (5.2289,2.6202,0.3159)  (17.3218,9.0127,0.2975)
train      1075  16 rotors  (17.5732,3.0005,0.3295)  (6.1453,3.8321,0.2240)  (7.4694,9.7742,0.2415)  (13.1485,9.9879,0.2279)  (2.9908,5.2990,0.2685)  (8.5178,6.0501,0.2966)  (8.9255,1.8507,0.2345)  (4.9828,7.4336,0.3076)  (3.4528,2.3958,0.2578)  (11.1182,4.2793,0.2933)  (15.7395,6.8490,0.3274)  (14.1539,12.9886,0.2791)  (2.6311,9.5800,0.2355)  (17.6189,11.8859,0.3056)  (3.8526,12.3342,0.2052)  (10.0260,12.3962,0.2525)
train      1076  12 rotors  (5.4961,11.1921,0.3173)  (10.1777,9.7550,0.2752)  (13.3176,5.9818,0.2289)  (10.1893,5.0622,0.2689)  (13.9104,8.7170,0.2654)  (15.9276,2.7024,0.3189)  (12.5141,2.3924,0.2309)  (17.1894,9.0496,0.3186)  (6.2030,6.7285,0.2316)  (12.8957,12.4434,0.2631)  (9.0076,7.4686,0.2879)  (2.0187,8.3454,0.2549)
train      1077  14 rotors  (2.8852,4.1612,0.2200)  (13.3389,12.6957,0.3086)  (9.6486,11.6260,0.2903)  (3.3826,6.8384,0.2763)  (9.4237,8.5955,0.3068)  (12.9039,3.8973,0.3179)  (7.5747,5.6433,0.2037)  (3.7752,9.8850,0.2661)  (17.6631,6.4149,0.2725)  (14.6565,9.1199,0.2867)  (6.4622,11.0904,0.2915)  (5.2578,2.3317,0.2007)  (10.5908,5.4227,0.2363)  (10.1991,1.5562,0.2042)
train      1078  16 rotors  (4.5130,2.8261,0.2402)  (8.1272,6.8424,0.2270)  (2.5287,10.6697,0.3123)  (15.8904,10.0219,0.2782)  (8.9761,10.2181,0.2866)  (5.6295,5.9797,0.3026)  (9.6026,4.3295,0.3310)  (14.3674,3.1920,0.2711)  (12.7498,12.2725,0.2757)  (17.5299,2.2104,0.3196)  (16.7581,5.5134,0.2323)  (4.5210,12.8071,0.3088)  (2.7563,6.8267,0.2071)  (11.2220,8.8019,0.2719)  (14.7839,7.2204,0.2236)  (12.1548,5.1606,0.3243)
train      1079  8 rotors  (16.9213,12.6030,0.2918)  (7.0549,7.8774,0.2980)  (10.8376,6.7831,0.3015)  (10.8488,11.7254,0.2931)  (13.7686,8.3564,0.2625)  (9.2253,9.3254,0.2340)  (6.9916,12.4714,0.2456)  (17.7114,3.7110,0.2990)
train      1080  13 rotors  (15.6824,7.9226,0.2663)  (9.5908,12.9775,0.2046)  (7.3916,3.7692,0.2913)  (15.2571,12.3981,0.2138)  (2.2973,11.9509,0.2999)  (2.4577,7.1801,0.2570)  (12.3574,1.7970,0.2401)  (6.3433,7.5241,0.2831)  (10.8580,4.7947,0.2227)  (12.9776,8.5613,0.2428)  (6.8003,12.3741,0.3135)  (3.7061,2.6198,0.2421)  (9.0438,8.6025,0.2314)
train      1081  13 rotors  (16.8816,5.3593,0.2035)  (5.7752,12.1174,0.2494)  (5.3754,9.2733,0.2021)  (16.8222,8.4160,0.2368)  (13.3283,11.6716,0.3289)  (9.9741,7.3424,0.3127)  (11.4620,9.6984,0.2584)  (7.2523,3.4935,0.2283)  (17.1135,12.3657,0.2032)  (2.8262,12.8162,0.2780)  (9.5322,12.9166,0.2779)  (14.6084,7.0600,0.2724)  (2.8140,8.5774,0.3064)
train      1082  13 rotors  (7.5461,5.7856,0.3071)  (14.4626,6.7514,0.3321)  (5.7835,2.2379,0.3188)  (14.8434,10.9392,0.2657)  (7.2360,12.0106,0.3327)  (10.4621,4.1931,0.2393)  (13.0727,3.8034,0.2671)  (3.1160,7.9055,0.3204)  (17.3369,7.7874,0.2752)  (16.2685,2.3165,0.2325)  (12.2624,9.6705,0.2577)  (6.3667,8.4240,0.2163)  (12.1705,12.8496,0.3222)
train      1083  12 rotors  (15.0315,2.1300,0.3203)  (3.4089,8.3295,0.2291)  (7.8322,10.4882,0.3026)  (12.2595,1.9454,0.2224)  (4.6348,5.8306,0.3005)  (9.4660,5.9514,0.2398)  (3.3540,11.1723,0.2702)  (10.9312,10.5597,0.2499)  (5.0614,1.8450,0.2075)  (17.7867,3.3519,0.2948)  (17.3162,6.8303,0.2434)  (15.5161,10.1043,0.2140)
train      1084  9 rotors  (2.8391,9.4389,0.2110)  (3.5111,1.9275,0.3215)  (4.4211,6.3599,0.3058)  (7.5659,12.5656,0.2432)  (14.8075,8.3536,0.2181)  (3.7748,12.6750,0.3293)  (7.5019,1.7230,0.2923)  (17.5481,3.8941,0.2164)  (16.4363,12.2931,0.3149)
train      1085  13 rotors  (9.3176,9.6985,0.2173)  (4.3241,6.3222,0.2344)  (15.0079,7.6462,0.2923)  (8.5128,12.3519,0.2428)  (13.9887,4.0386,0.3007)  (7.1989,4.5283,0.2601)  (4.3376,2.2848,0.2162)  (2.0792,9.8814,0.3132)  (17.9646,11.2354,0.2023)  (9.9973,4.0576,0.3069)  (9.0094,6.6971,0.2987)  (5.0416,12.2035,0.2290)  (11.6582,8.7678,0.2894)
train      1086  14 rotors  (4.3930,10.6529,0.2832)  (17.7415,8.3538,0.2655)  (15.4184,1.7477,0.2364)  (11.1704,7.1762,0.2467)  (8.1909,5.2079,0.3059)  (11.1548,3.4812,0.2934)  (10.5243,9.8730,0.2266)  (2.6547,6.3153,0.2381)  (5.0658,2.5554,0.2702)  (8.7119,2.2089,0.2061)  (17.8824,5.0493,0.3105)  (11.8099,12.7781,0.3090)  (7.6588,9.3269,0.2806)  (6.4161,6.9742,0.2512)
train      1087  12 rotors  (3.1072,6.3840,0.2468)  (14.9830,6.2816,0.3088)  (8.6792,10.0177,0.2519)  (15.6866,9.8813,0.2597)  (10.1724,4.0911,0.2600)  (9.0313,6.3880,0.2996)  (14.7336,3.6416,0.2937)  (2.0098,9.5202,0.2001)  (17.3569,12.0738,0.3014)  (11.8169,10.8291,0.3267)  (12.6179,1.9150,0.2988)  (17.4149,1.5642,0.2670)
train      1088  8 rotors  (2.6230,11.4884,0.2387)  (7.1436,11.0264,0.3251)  (4.5521,4.3824,0.3227)  (16.7215,4.8948,0.2329)  (15.2021,8.2075,0.2713)  (10.0081,12.8331,0.2734)  (13.1316,6.0898,0.2407)  (8.1142,3.0573,0.2179)
train      1089  9 rotors  (14.7122,8.3677,0.2684)  (4.7204,10.9361,0.3130)  (6.1222,7.9921,0.2487)  (8.2753,11.2355,0.3020)  (14.9404,12.7396,0.2068)  (12.2766,6.2629,0.2588)  (5.1765,2.0221,0.3290)  (9.3572,5.6323,0.2514)  (17.5896,6.8965,0.3011)
train      1090  10 rotors  (4.7412,5.3347,0.3035)  (12.9697,2.7476,0.2431)  (17.8054,9.1771,0.3186)  (10.1602,12.1592,0.3068)  (12.2344,10.7310,0.2206)  (9.8423,4.8341,0.2944)  (7.7864,8.5381,0.2392)  (15.8261,5.0916,0.2203)  (4.8035,2.5087,0.3137)  (15.6677,2.1973,0.2181)
train      1091  13 rotors  (4.4688,7.6812,0.2049)  (3.1914,11.0170,0.2319)  (16.3471,9.7286,0.3111)  (5.5187,5.3620,0.2107)  (10.8996,7.6298,0.2366)  (8.0011,1.6024,0.2628)  (17.1872,3.3922,0.2138)  (17.4235,6.2722,0.2052)  (11.5068,4.9273,0.2661)  (7.3148,10.4403,0.3124)  (13.9670,3.3577,0.3300)  (17.3904,12.7164,0.2203)  (13.5578,11.1206,0.2608)
train      1092  16 rotors  (8.1771,5.8131,0.3101)  (17.8133,7.7421,0.2051)  (3.5552,12.7859,0.2210)  (15.4870,5.9150,0.2240)  (15.0499,10.9102,0.2701)  (3.1219,8.7212,0.2680)  (6.5430,8.3918,0.2337)  (2.6801,2.0681,0.2363)  (11.6631,10.8604,0.2372)  (8.5580,11.1815,0.2878)  (5.5939,5.3656,0.2152)  (13.9558,2.1281,0.2377)  (10.4842,7.0448,0.2681)  (17.7058,11.3904,0.2201)  (7.1924,2.9803,0.2926)  (13.0425,7.1226,0.2669)
train      1093  15 rotors  (10.6374,10.3177,0.3164)  (11.5767,5.5034,0.3013)  (15.9158,7.0774,0.3207)  (2.7929,12.5832,0.2827)  (6.3303,7.4935,0.3228)  (8.8241,5.9416,0.2911)  (14.3665,10.5357,0.2868)  (9.8168,2.7505,0.3169)  (15.7183,4.2838,0.2648)  (7.5270,12.4647,0.2134)  (3.5724,9.2754,0.2053)  (6.4089,3.5282,0.2984)  (3.4365,5.2486,0.3267)  (10.2745,12.9876,0.3287)  (2.6213,2.0541,0.2755)
train      1094  14 rotors  (5.4853,3.4710,0.3279)  (15.8756,1.9566,0.2171)  (4.7194,10.6139,0.2178)  (12.3946,2.7821,0.2870)  (12.5165,9.0012,0.2182)  (10.9396,12.2393,0.2792)  (14.9196,6.9741,0.3304)  (2.1562,5.5024,0.2581)  (8.7777,9.1395,0.3104)  (16.6087,5.0040,0.3049)  (7.3892,6.7717,0.2616)  (2.2013,8.4746,0.2615)  (15.2180,11.8869,0.2489)  (8.3868,2.7318,0.3004)
train      1095  8 rotors  (6.7846,5.1155,0.2043)  (2.3997,8.9542,0.2750)  (7.9144,8.9088,0.2391)  (15.8773,8.1427,0.2157)  (16.4192,4.9406,0.2173)  (15.4325,11.8621,0.2638)  (7.7777,1.5691,0.3041)  (5.3531,11.7852,0.2746)
train      1096  12 rotors  (16.3089,4.2922,0.2141)  (17.6071,8.6498,0.3156)  (7.0146,5.4158,0.2408)  (6.1571,10.8440,0.2575)  (2.4122,12.4758,0.3079)  (11.3909,3.0928,0.2098)  (3.3448,6.4073,0.3118)  (10.6808,6.7502,0.2042)  (16.1616,12.4148,0.3148)  (9.8545,10.9269,0.2418)  (13.9246,10.7384,0.2403)  (13.4109,6.1586,0.3236)
train      1097  8 rotors  (10.2963,4.3153,0.2772)  (3.2985,12.9800,0.2268)  (12.0171,6.5678,0.3146)  (2.0701,6.8626,0.2128)  (10.8075,10.6454,0.2506)  (9.2571,6.5945,0.2714)  (7.0509,11.6413,0.2980)  (7.2374,1.7433,0.2578)
train      1098  12 rotors  (7.9938,12.0123,0.2298)  (10.5251,9.8065,0.3120)  (16.6967,11.0835,0.2364)  (3.9387,8.8379,0.2997)  (2.0353,3.5679,0.2645)  (8.2142,3.4057,0.2231)  (11.8101,1.9618,0.2934)  (16.5850,8.2471,0.2002)  (5.4515,11.3118,0.2359)  (12.0663,12.1360,0.3112)  (13.7476,8.6158,0.3036)  (17.3967,4.6273,0.3166)
train      1099  9 rotors  (10.7558,8.0108,0.2906)  (5.5079,11.8737,0.3237)  (13.6822,1.7692,0.2543)  (2.3024,12.1186,0.2686)  (14.0685,8.2427,0.2084)  (9.2266,12.0484,0.3265)  (5.5818,2.9857,0.2634)  (17.5049,1.7417,0.2608)  (11.2001,3.7485,0.2562)
validation 2000  10 rotors  (12.5028,1.8109,0.3232)  (10.1049,8.9424,0.2335)  (6.3048,12.5568,0.2580)  (2.9924,2.7119,0.2697)  (10.6911,4.3017,0.2690)  (7.8760,5.7202,0.3010)  (14.4451,7.1662,0.2984)  (6.0285,9.0836,0.2049)  (3.3841,10.4819,0.3193)  (15.4562,12.5226,0.2602)
validation 2001  8 rotors  (5.2596,6.9637,0.3138)  (17.3944,6.4678,0.3131)  (7.3982,12.9826,0.2339)  (14.5275,4.0312,0.2785)  (11.5832,12.8738,0.3154)  (9.2247,2.6560,0.2078)  (13.7162,11.1838,0.2267)  (10.9109,6.1267,0.2207)
validation 2002  15 rotors  (17.3714,9.0683,0.2395)  (4.4201,9.4640,0.2291)  (4.4340,5.2407,0.2481)  (7.6789,12.2374,0.2981)  (2.5855,2.7418,0.2111)  (11.8302,3.0220,0.2304)  (15.4017,12.4977,0.2953)  (11.1215,8.0917,0.3270)  (9.0405,3.0362,0.3155)  (8.6033,8.9520,0.3140)  (14.0032,6.7107,0.3067)  (12.8900,11.5948,0.2966)  (17.7377,2.8312,0.2365)  (5.1902,2.5991,0.2572)  (2.0292,7.5484,0.2528)
validation 2003  15 rotors  (16.0985,8.9905,0.2507)  (17.9746,12.7945,0.3265)  (4.2716,3.8430,0.2109)  (13.3730,1.7170,0.3108)  (5.0925,7.2570,0.2448)  (8.2107,1.6770,0.3011)  (8.7282,4.9593,0.2881)  (16.6562,5.9235,0.2163)  (10.7733,2.4386,0.2662)  (5.8548,10.3992,0.3333)  (8.7824,8.6680,0.3025)  (13.3813,11.4172,0.2447)  (7.7366,12.6604,0.3259)  (12.1564,5.2725,0.2952)  (3.0917,10.8407,0.3271)
validation 2004  14 rotors  (6.6545,12.0371,0.2312)  (12.6046,7.8146,0.2687)  (2.8437,8.1736,0.2664)  (10.7642,3.6359,0.3147)  (9.3095,8.6225,0.2886)  (15.3231,4.9004,0.3008)  (15.9711,12.1070,0.2130)  (6.6737,3.0393,0.2916)  (7.0572,5.5267,0.2923)  (15.1049,7.8907,0.2981)  (13.1142,2.6420,0.2205)  (2.3515,2.6439,0.2584)  (3.8358,5.5415,0.3268)  (10.4317,12.8843,0.2708)
validation 2005  10 rotors  (9.7419,10.7584,0.2559)  (16.3562,1.6931,0.2389)  (11.4671,7.3320,0.3281)  (12.9275,1.5393,0.2137)  (12.6317,11.9137,0.2418)  (17.1843,10.7465,0.2813)  (4.4466,5.9005,0.2663)  (5.0743,10.5924,0.2527)  (17.0430,5.1201,0.3067)  (5.8682,3.4223,0.2291)
validation 2006  9 rotors  (10.9451,4.9806,0.2657)  (7.7312,4.8943,0.2863)  (17.3564,2.3642,0.2373)  (8.5519,12.3868,0.3150)  (15.8824,6.9439,0.2258)  (2.8794,10.9819,0.3071)  (11.4173,12.1021,0.2486)  (7.6952,9.0770,0.2754)  (14.1382,10.2231,0.3194)
validation 2007  11 rotors  (9.7167,3.9928,0.2088)  (12.5663,4.8567,0.2299)  (11.7344,9.7608,0.3171)  (3.6153,9.2420,0.2716)  (5.0427,12.1055,0.2377)  (16.0850,7.9800,0.2052)  (8.2205,9.1904,0.2412)  (4.8898,5.7613,0.2192)  (14.8010,11.5908,0.2486)  (6.0333,3.3308,0.2338)  (10.2909,12.0525,0.2081)
validation 2008  14 rotors  (12.9752,11.2385,0.3214)  (2.2303,4.4288,0.2733)  (14.3119,8.6016,0.2674)  (16.9979,2.2154,0.3262)  (16.7497,7.6985,0.2861)  (8.5582,2.1013,0.2863)  (11.0184,12.8837,0.3317)  (13.7354,3.9745,0.3044)  (17.7323,4.8942,0.2519)  (2.2783,10.6746,0.3042)  (4.2787,1.7053,0.3242)  (7.1609,11.8309,0.2193)  (9.1621,6.4830,0.2207)  (5.6721,6.3010,0.3260)
validation 2009  16 rotors  (11.6233,12.8368,0.2535)  (8.8395,5.3541,0.3155)  (4.9236,9.3008,0.2052)  (3.7174,6.7905,0.2689)  (15.2872,11.4117,0.2842)  (14.7388,2.3387,0.2831)  (9.7484,10.8855,0.2082)  (7.6811,12.9633,0.2471)  (6.1681,3.0538,0.2212)  (17.3715,5.8346,0.2683)  (2.1306,3.2591,0.2031)  (14.4398,7.5073,0.2925)  (7.5861,9.1588,0.2454)  (6.6443,6.7043,0.2773)  (4.1130,11.7890,0.2783)  (11.3107,8.1687,0.2688)
